3326550943
1801621498
2589428247
4035642257
3097229813
1501837076
377245549
327868897
2994381619
1064641905
2223164719
12447791
2012763948
2926872679
1375239067
4004615131
2236647427
717989020
4276364434
2552476544
2801296947
926451242
2640679533
4256256868
451380674
2555894810
745249965
3894281403
3846621713
4234265422
2732242080
3963563316
1154538055
2907555947
1492139640
3119964226
3937365754
159373361
553206343
3877879702
206590177
490119616
2086660534
940162022
3848448331
4035539911
2919868694
4105727653
3030443036
745385147
3740627006
995821367
420603494
1618970651
165390847
3496098546
3022167392
3121037622
4149078515
265720745
1913781095
3995146533
127732850
587004
2897420792
2297786340
4083445075
3494663718
2458680147
2448412373
172126887
3751198482
3756275277
1580038470
3174543228
1726862365
710367071
3001572298
4202861556
343248942
4193240497
3709413755
2087996437
550980160
4075233457
1415795844
2864858473
3791949296
1296023801
2674365683
1124751936
2233991319
972230304
3470990657
2857819428
1363475671
3064791053
1131798600
1579898717
4115859095
3029479831
3945610915
650292441
3689241495
158472592
3779691170
3676380180
3538643156
659001483
1329072316
2918517278
3109770550
3668386698
4036503380
2014425293
3567310875
377203998
247880328
3499883195
1257955534
3701421007
3584293355
2530094006
4016800983
2511597231
3622530593
3329846144
1543403062
312728432
3880179244
1804487568
1748562620
503695870
770243859
3913581775
4011919750
2671591061
4072850210
3239887840
2597604730
237458131
2365812044
2522117120
2221461692
986411393
3788289399
1023506168
935244065
304642923
4115186923
370696009
2623159452
919644819
1604893372
2272308491
2454150764
3207740200
220331563
1418840482
382786623
2795174016
2844381822
2783103186
200833045
3419690670
35516670
445788014
3768749338
2874089389
3406743447
1520933076
2102252672
719588614
187551917
3721166079
20697133
2330461416
2393778415
3467379746
4073243685
2927044438
1880529348
3295130213
855697292
1644417999
172488150
4127085782
3845834342
3733274302
3662840614
1503147518
613433315
4279002572
4084666456
1666236339
1739542647
4173702769
1958444686
3225208580
1377063652
1334809963
3990306278
2177037486
2772539100
544094516
2622886355
1389198459
1448020819
3698074566
2885349064
771155201
83151922
2553777814
3031860740
2348926491
3888143212
3936888046
1783280345
2692695997
860095632
859352109
2575104644
2474834710
618642520
3314113360
1879239432
366659718
31447281
13950934
169855155
1560419159
1197849135
1863398995
3051639660
1899246222
3582523859
1666815169
3643348203
801717660
2398337764
3237921013
1555062410
505294554
1970934038
2468464759
2976106144
1038755934
1467491139
1299367652
3344773927
2781621369
1277568214
3720821808
4014053447
1242481392
1858555424
2232416501
3111801126
2289930289
720545850
880876253
1409130309
1390584012
1966823482
2689097782
840832792
3772905554
4060681765
1587120335
2696327951
3530829081
4030016420
2225673887
442923235
2905351757
2045220275
2873512121
759881613
961026623
1340730387
1792422349
1598495283
3688371510
65468990
1167944248
2595585369
1258787837
1180356890
2582226208
1876189138
3699458075
1313338401
1139438591
4164008575
4276436547
998600077
703466130
3731656223
4079611056
3409678092
156017336
905131943
2319274416
1494676037
2324291687
2513059301
3327611208
337847650
3503993408
1533338429
672306472
3580677183
2724388047
4272445602
4250686126
1620120106
2228661696
1105660901
4183167013
2908880404
2399192019
2773605357
1377296357
3853356749
1402741421
2658143245
3713195205
857256909
2707166645
3516422378
509345777
2940267711
1965975302
1454530437
1293614109
3777188572
3127466319
2385773253
3484591501
3265321701
2535951772
3272670285
3859407485
2875700806
741781037
3051321894
999458479
1739034419
1863443280
1703744732
930908812
651364078
2058855040
1150564526
3558354489
3763921549
1569619375
621926689
3894967696
2399245511
3945521257
3717312367
4249652357
1851607778
145902226
1418580092
856752617
1077053922
2176064051
3321214065
3075153598
2691069615
3108587591
4010770917
1805935670
4104980737
306560245
1948464746
1473035579
1591626339
3821641550
2159791044
1569235216
3438259596
3256912483
3607102427
2852323846
2153113597
1503182272
3086930774
2147239429
3462128119
1326001920
1985680414
590381921
2746463288
2420902962
1596955893
1982086012
2246387371
3018523816
1393877988
3965148899
1027450722
672852965
3590906249
1492223037
2378487664
1848750544
492334229
4279833347
883810454
3931925480
3217440295
340947328
1754584762
3038536508
3537160165
3675171526
2991536910
1192157710
1905768481
90713128
616689874
2051006920
472172319
3377632381
1681293026
4200933069
3051172717
4107877491
1443661337
2343180066
2689651826
2053912980
3429147001
3080646075
727331759
2557057162
2626102549
298071080
2488180795
3228965764
3634846284
2061468196
3176990405
3055811236
3556634496
3951775303
388213971
1374723733
373868453
479349743
4141403030
747599319
1515088885
3319212362
710979062
3721881986
190646744
4240694589
2618987334
3187881333
3638209025
1407277032
1370551380
1021324965
3038564891
2214247468
4206753148
1685769998
3744304667
2025079065
3007830713
164048899
1301205487
2875781662
3292939105
4025799279
2996116881
3108221037
943382171
1768016750
749953954
1470042285
2963827756
1359443984
3241207196
1949130550
1991700632
623456775
1738795805
2138612537
2723217319
4015526412
3060514265
1272696865
2414497492
485326983
3495080353
1713188521
289718016
312830597
505971659
2648233242
3660020606
2322539794
801304450
1153697866
3566400704
4198172469
2199102051
